1016527 158128894 Nina_Garcia 896 true 19 Thu 0 18 28 1134 9 24 20 32 4 10 50 44 12935 4 396056129668939776 5304 60 26 24 
1907149 262359713 Heidi_Klum 123 true 7 Thu 0 17 0 15505 7 0 0 9 0 0 9 8 2319 4 396038787920584705 5967 9 9 8 
10888952 53153263 Tyra_Banks 2360 true 164 Tue 3 17 269 4613 56 176 150 127 2 108 263 225 4198 2 395305949478416384 38318 396 87 75 
10888952 53153263 Tyra_Banks 2360 true 132 Fri 3 19 141 4613 59 103 94 124 1 73 192 173 4198 2 396434463225155584 38318 265 89 79 
1907149 262359713 Heidi_Klum 123 true 653 Thu 1 20 1377 15505 271 692 594 1043 3 382 1181 1002 2319 1 396084724332236800 5967 2420 489 408 
8669203 5520952 Paulo_Coelho 91 true 26 Wed 0 19 23 95265 13 17 17 32 4 13 35 35 23263 4 395704207967137792 45290 55 18 18 
362647 13348 Robert_Scoble 40082 true 5 Thu 0 08 14 9 2 8 8 10 0 3 13 12 64978 4 395895259022262272 23220 24 5 4 
10888952 53153263 Tyra_Banks 2360 true 81 Sat 3 00 118 4613 33 74 64 95 1 48 127 110 4198 3 396502167986524161 38318 213 53 46 
441455 54730258 Margaret_E._Atwood 845 true 5 Fri 0 07 1 522 4 1 1 10 0 1 8 8 19253 4 396248664722513922 10777 11 7 7 
441455 54730258 Margaret_E._Atwood 845 true 5 Fri 0 13 0 522 5 0 0 12 0 0 8 8 19253 4 396333598329937921 10777 12 8 8 
134546 22622572 Natalie_Pinkham 633 true 36 Wed 0 08 109 212 14 73 60 49 1 22 106 89 7626 3 395543079287283713 2096 158 33 29 
1653625 15588657 Deepak_Chopra 2332 true 7 Thu 0 10 5 709 4 4 4 4 0 3 8 8 41796 4 395926106726866945 26459 9 4 4 
10888952 53153263 Tyra_Banks 2360 true 104 Fri 3 22 134 4613 40 97 94 80 1 64 153 148 4198 3 396482141954904064 38318 214 56 54 
32928 86740435 Jennie_Gow 423 false 1 Wed 0 11 0 77 1 0 0 1 0 0 1 1 14393 4 395584512471478272 1204 1 1 1 
32928 86740435 Jennie_Gow 423 false 9 Sat 0 03 2 77 7 2 2 4 0 2 9 9 14393 4 396555091710205952 1204 6 7 7 
1653625 15588657 Deepak_Chopra 2332 true 66 Wed 3 07 66 709 41 44 38 92 4 25 112 96 41796 3 395528600729829377 26459 158 68 58 
32928 86740435 Jennie_Gow 423 false 5 Thu 0 18 4 77 4 2 1 5 0 1 6 5 14393 4 396054807103823873 1204 9 4 4 
32928 86740435 Jennie_Gow 423 false 11 Wed 0 06 0 77 11 0 0 15 0 0 14 13 14393 4 395510221369384961 1204 15 14 13 
6323400 15439395 Stephen_Fry 51356 true 73 Wed 0 18 153 123 14 112 100 34 1 59 137 122 17632 3 395684925996683264 56696 187 25 22 
131763 183749519 Paul_Graham 80 true 18 Thu 0 16 0 1647 18 0 0 30 0 0 27 25 821 4 396018403112022016 4697 30 27 25 
441455 54730258 Margaret_E._Atwood 845 true 3 Wed 0 16 4 522 0 3 3 2 0 3 4 4 19253 4 395663677782626304 10777 6 1 1 
1653625 15588657 Deepak_Chopra 2332 true 11 Wed 0 08 14 709 2 11 11 6 0 9 17 17 41796 4 395535145211400192 26459 20 6 6 
1653625 15588657 Deepak_Chopra 2332 true 18 Wed 0 23 9 709 10 8 8 16 0 8 19 19 41796 4 395760654683893760 26459 25 11 11 
1907149 262359713 Heidi_Klum 123 true 3 Thu 0 15 0 15505 3 0 0 3 0 0 3 3 2319 4 396007829645320192 5967 3 3 3 
2458743 12 Jack_Dorsey 1001 true 201 Wed 4 12 0 2456 201 0 0 387 0 0 243 230 14140 2 395592293538742272 21863 387 243 230 
1653625 15588657 Deepak_Chopra 2332 true 19 Fri 0 16 26 709 8 17 17 16 4 11 27 27 41796 4 396385969517363200 26459 42 10 10 
32928 86740435 Jennie_Gow 423 false 9 Thu 0 12 0 77 9 0 0 10 0 0 10 9 14393 4 395966838380576770 1204 10 10 9 
299821 1000591 Fred_Wilson 823 true 53 Wed 3 14 79 364 26 45 39 62 4 27 81 74 9854 3 395630302975909888 9675 141 36 35 
32928 86740435 Jennie_Gow 423 false 38 Fri 3 11 14 77 33 10 9 56 0 5 59 54 14393 3 396306458054127616 1204 70 49 45 
32928 86740435 Jennie_Gow 423 false 5 Sat 0 00 6 77 3 6 5 4 0 2 11 10 14393 4 396513202336321536 1204 10 5 5 
8669203 5520952 Paulo_Coelho 91 true 25 Fri 0 07 25 95265 16 18 17 24 4 9 38 37 23263 4 396247445136351232 45290 49 20 20 
6323400 15439395 Stephen_Fry 51356 true 391 Thu 1 12 113 123 352 71 60 937 1 39 742 635 17632 0 395964208170274816 56696 1050 671 575 
122198 14372143 Jason_Fried 98 true 23 Thu 0 10 0 1246 23 0 0 35 0 0 31 29 14768 4 395925115021447168 7809 35 31 29 
122198 14372143 Jason_Fried 98 true 21 Wed 0 10 38 1246 10 26 17 35 4 11 51 37 14768 3 395568814424739840 7809 73 25 20 
8669203 5520952 Paulo_Coelho 91 true 873 Fri 2 08 710 95265 590 500 440 1356 3 283 1510 1332 23263 1 396257136470425600 45290 2066 1010 892 
1653625 15588657 Deepak_Chopra 2332 true 33 Wed 0 15 24 709 21 17 16 36 4 12 43 40 41796 3 395645623866646528 26459 60 26 24 
122198 14372143 Jason_Fried 98 true 24 Tue 0 16 32 1246 8 22 20 13 4 16 32 29 14768 4 395296126472970240 7809 45 10 9 
362647 13348 Robert_Scoble 40082 true 13 Thu 0 08 15 9 5 12 12 8 0 8 19 19 64978 4 395895096845291520 23220 23 7 7 
32928 86740435 Jennie_Gow 423 false 0 Thu 0 00 0 77 0 0 0 1 0 0 1 0 14393 4 395777865763258368 1204 1 1 0 
10888952 53153263 Tyra_Banks 2360 true 88 Fri 3 23 128 4613 34 71 68 81 1 54 116 107 4198 3 396492080471486464 38318 209 45 39 
441455 54730258 Margaret_E._Atwood 845 true 5 Thu 0 08 0 522 5 0 0 13 0 0 11 10 19253 4 395899663632457728 10777 13 11 10 
122198 14372143 Jason_Fried 98 true 5 Fri 0 15 13 1246 0 10 9 4 0 5 11 10 14768 4 396365262900846592 7809 17 1 1 
441455 54730258 Margaret_E._Atwood 845 true 2 Thu 0 21 0 522 2 0 0 5 0 0 5 3 19253 4 396096594774220800 10777 5 5 3 
1653625 15588657 Deepak_Chopra 2332 true 32 Fri 0 12 39 709 17 28 27 28 4 15 54 52 41796 3 396320782973796353 26459 67 26 25 
1653625 15588657 Deepak_Chopra 2332 true 153 Tue 4 16 145 709 98 105 86 266 1 55 293 250 41796 2 395296752749649920 26459 411 188 164 
1907149 262359713 Heidi_Klum 123 true 14 Thu 0 17 0 15505 14 0 0 28 0 0 22 18 2319 4 396040260796571648 5967 28 22 18 
1907149 262359713 Heidi_Klum 123 true 24 Thu 0 15 0 15505 24 0 0 45 0 0 36 32 2319 4 396014189711724544 5967 45 36 32 
8669203 5520952 Paulo_Coelho 91 true 48 Fri 0 08 71 95265 23 51 44 52 4 25 90 76 23263 3 396259992505823233 45290 123 39 32 
8669203 5520952 Paulo_Coelho 91 true 517 Tue 1 18 553 95265 314 346 316 819 2 203 879 788 23263 0 395329605382328320 45290 1372 533 472 
362647 13348 Robert_Scoble 40082 true 217 Thu 4 16 0 9 217 0 0 338 0 0 270 253 64978 2 396024592697159680 23220 338 270 253 
441455 54730258 Margaret_E._Atwood 845 true 1 Fri 0 22 0 522 1 0 0 2 0 0 1 1 19253 4 396467989190438914 10777 2 1 1 
1653625 15588657 Deepak_Chopra 2332 true 29 Tue 0 17 21 709 21 15 12 50 0 8 58 50 41796 3 395309335334494208 26459 71 43 38 
10888952 53153263 Tyra_Banks 2360 true 140 Thu 3 23 169 4613 60 104 97 128 1 80 182 171 4198 2 396128716256182272 38318 297 78 74 
32928 86740435 Jennie_Gow 423 false 1 Wed 0 11 0 77 1 0 0 1 0 0 1 1 14393 4 395581442157473792 1204 1 1 1 
1907149 262359713 Heidi_Klum 123 true 6 Thu 0 15 0 15505 6 0 0 9 0 0 8 7 2319 4 396009114826186752 5967 9 8 7 
8669203 5520952 Paulo_Coelho 91 true 9 Wed 0 07 0 95265 9 0 0 20 0 0 15 14 23263 4 395525406490894336 45290 20 15 14 
8669203 5520952 Paulo_Coelho 91 true 635 Thu 1 08 329 95265 503 238 210 1141 2 132 1153 1040 23263 0 395895517211013120 45290 1470 915 830 
1653625 15588657 Deepak_Chopra 2332 true 50 Thu 3 12 37 709 33 31 28 56 4 17 78 69 41796 3 395958440364740609 26459 93 47 41 
1653625 15588657 Deepak_Chopra 2332 true 5 Fri 0 11 15 709 0 13 8 3 0 5 16 10 41796 4 396305646452097025 26459 18 3 2 
1653625 15588657 Deepak_Chopra 2332 true 2 Fri 0 16 4 709 0 3 2 1 0 2 4 2 41796 4 396380521770414080 26459 5 1 0 
131763 183749519 Paul_Graham 80 true 33 Tue 3 20 0 1647 33 0 0 169 0 0 80 60 821 3 395360194319745025 4697 169 80 60 
1653625 15588657 Deepak_Chopra 2332 true 20 Thu 0 17 32 709 11 21 18 40 4 9 45 39 41796 3 396033896719990784 26459 72 24 21 
1653625 15588657 Deepak_Chopra 2332 true 66 Wed 3 10 59 709 45 42 40 98 4 21 118 114 41796 3 395572305704656896 26459 157 76 74 
1653625 15588657 Deepak_Chopra 2332 true 26 Fri 3 12 70 709 12 19 18 86 4 14 43 42 41796 3 396326469011402752 26459 156 24 24 
10888952 53153263 Tyra_Banks 2360 true 80 Fri 3 20 123 4613 35 82 78 77 1 45 137 128 4198 3 396448355343011840 38318 200 55 50 
122198 14372143 Jason_Fried 98 true 7 Thu 0 14 12 1246 4 6 6 10 0 3 11 11 14768 4 395997701214453760 7809 22 5 5 
1907149 262359713 Heidi_Klum 123 true 24 Thu 0 15 0 15505 24 0 0 39 0 0 35 33 2319 4 396009191405793280 5967 39 35 33 
10888952 53153263 Tyra_Banks 2360 true 161 Sat 3 04 168 4613 80 105 98 157 1 81 197 186 4198 2 396563884674260992 38318 325 92 88 
32928 86740435 Jennie_Gow 423 false 2 Wed 0 23 0 77 2 0 0 4 0 0 4 2 14393 4 395773315551600640 1204 4 4 2 
1653625 15588657 Deepak_Chopra 2332 true 10 Fri 0 13 8 709 10 3 2 14 0 0 16 14 41796 4 396335864604676096 26459 22 13 12 
6323400 15439395 Stephen_Fry 51356 true 27 Wed 0 04 55 123 15 34 28 51 4 12 70 61 17632 3 395475167360458752 56696 106 36 33 
1907149 262359713 Heidi_Klum 123 true 4 Thu 0 15 0 15505 4 0 0 4 0 0 4 4 2319 4 396007878718652416 5967 4 4 4 
1653625 15588657 Deepak_Chopra 2332 true 40 Wed 0 17 50 709 21 32 25 58 4 19 80 66 41796 3 395671236715356161 26459 108 48 41 
1907149 262359713 Heidi_Klum 123 true 98 Thu 3 15 187 15505 24 145 128 67 1 74 191 167 2319 2 396006521781620736 5967 254 46 39 
1016527 158128894 Nina_Garcia 896 true 30 Fri 0 10 37 1134 17 25 25 35 4 13 50 49 12935 3 396289372078620672 5304 72 25 24 
131763 183749519 Paul_Graham 80 true 54 Thu 0 12 73 1647 22 53 51 44 4 32 85 80 821 3 395967132631973888 4697 117 32 29 
32928 86740435 Jennie_Gow 423 false 1 Wed 0 11 0 77 1 0 0 1 0 0 1 1 14393 4 395584418393235456 1204 1 1 1 
32928 86740435 Jennie_Gow 423 false 9 Thu 0 04 3 77 6 3 3 12 0 3 15 14 14393 4 395848393248882688 1204 15 12 11 
32928 86740435 Jennie_Gow 423 false 4 Wed 0 16 0 77 4 0 0 4 0 0 4 4 14393 4 395654684465041408 1204 4 4 4 
1653625 15588657 Deepak_Chopra 2332 true 82 Thu 3 20 66 709 55 40 35 115 4 27 125 111 41796 3 396085848157876224 26459 181 85 76 
1653625 15588657 Deepak_Chopra 2332 true 1 Thu 0 10 2 709 1 1 0 7 0 0 6 3 41796 4 395935178163384322 26459 9 5 3 
647718 373416209 Salman_Rushdie 431 true 53 Wed 3 10 38 1502 34 29 24 62 4 19 80 69 2568 3 395567619358457857 5482 100 51 45 
1907149 262359713 Heidi_Klum 123 true 74 Thu 0 12 173 15505 18 125 99 47 1 56 151 124 2319 3 395966821343711232 5967 220 26 25 
8669203 5520952 Paulo_Coelho 91 true 97 Wed 3 07 67 95265 80 38 30 210 4 17 189 161 23263 2 395523934071701505 45290 277 151 131 
299821 1000591 Fred_Wilson 823 true 36 Thu 0 12 38 364 14 30 27 38 4 22 53 48 9854 3 395958771702185985 9675 76 23 21 
6323400 15439395 Stephen_Fry 51356 true 80 Thu 3 14 112 123 45 75 57 104 1 35 148 117 17632 3 395985648546766848 56696 216 73 60 
10888952 53153263 Tyra_Banks 2360 true 15 Fri 0 21 0 4613 15 0 0 31 0 0 26 22 4198 4 396457536582610944 38318 31 26 22 
131763 183749519 Paul_Graham 80 true 10 Thu 0 16 0 1647 10 0 0 40 0 0 22 19 821 4 396018128980672512 4697 40 22 19 
441455 54730258 Margaret_E._Atwood 845 true 4 Fri 0 09 0 522 4 0 0 8 0 0 5 5 19253 4 396276131923365888 10777 8 5 5 
32928 86740435 Jennie_Gow 423 false 1 Thu 0 06 1 77 1 0 0 2 0 0 2 2 14393 4 395871129790722049 1204 3 2 2 
32928 86740435 Jennie_Gow 423 false 23 Wed 0 06 7 77 19 7 5 25 0 4 32 29 14393 4 395509686457217024 1204 32 25 24 
122198 14372143 Jason_Fried 98 true 4 Tue 0 16 7 1246 1 5 5 1 0 3 6 6 14768 4 395296382955040768 7809 8 1 1 
1653625 15588657 Deepak_Chopra 2332 true 53 Thu 3 20 50 709 31 33 30 71 4 22 84 75 41796 3 396085452295266304 26459 121 51 45 
362647 13348 Robert_Scoble 40082 true 15 Thu 0 17 0 9 15 0 0 18 0 0 15 15 64978 4 396036342851072000 23220 18 15 15 
32928 86740435 Jennie_Gow 423 false 6 Fri 0 06 1 77 5 1 1 7 0 1 8 7 14393 4 396228245709795329 1204 8 7 6 
32928 86740435 Jennie_Gow 423 false 25 Thu 0 07 9 77 19 9 8 26 0 6 33 30 14393 4 395881210099949568 1204 35 24 22 
134546 22622572 Natalie_Pinkham 633 true 6 Fri 0 08 10 212 1 7 7 2 0 5 9 8 7626 4 396258841026756608 2096 12 2 1 
1653625 15588657 Deepak_Chopra 2332 true 59 Wed 3 06 66 709 44 43 31 124 4 15 125 107 41796 3 395508520683970560 26459 190 82 76 
1907149 262359713 Heidi_Klum 123 true 64 Thu 0 14 152 15505 16 114 97 53 1 48 148 127 2319 3 395988348130828288 5967 205 34 30 
32928 86740435 Jennie_Gow 423 false 6 Wed 0 07 0 77 6 0 0 8 0 0 6 6 14393 4 395517232416976896 1204 8 6 6 
32928 86740435 Jennie_Gow 423 false 6 Sat 0 04 2 77 5 2 1 7 0 1 9 8 14393 4 396568205046472705 1204 9 7 7 
134546 22622572 Natalie_Pinkham 633 true 198 Thu 4 06 0 212 198 0 0 376 0 0 294 273 7626 2 395870491648339968 2096 376 294 273 
10888952 53153263 Tyra_Banks 2360 true 5 Sat 0 00 0 4613 5 0 0 20 0 0 8 8 4198 4 396502308072460288 38318 20 8 8 
1016527 158128894 Nina_Garcia 896 true 7 Wed 0 18 12 1134 4 8 6 10 0 3 15 12 12935 4 395696354909253632 5304 22 7 6 
122198 14372143 Jason_Fried 98 true 7 Thu 0 10 13 1246 2 11 8 5 0 5 14 11 14768 4 395931532163964928 7809 18 3 3 
32928 86740435 Jennie_Gow 423 false 5 Sat 0 03 1 77 4 1 1 4 0 1 5 5 14393 4 396556723189587968 1204 5 4 4 
134546 22622572 Natalie_Pinkham 633 true 20 Thu 0 13 44 212 4 31 28 10 4 16 38 33 7626 4 395982877793734656 2096 54 7 5 
32928 86740435 Jennie_Gow 423 false 3 Thu 0 04 0 77 3 0 0 4 0 0 4 4 14393 4 395848640255651841 1204 4 4 4 
1016527 158128894 Nina_Garcia 896 true 119 Wed 3 18 96 1134 79 71 63 188 4 40 220 195 12935 2 395696796754010112 5304 284 149 132 
32928 86740435 Jennie_Gow 423 false 5 Fri 0 07 0 77 5 0 0 6 0 0 5 5 14393 4 396254725529534464 1204 6 5 5 
1653625 15588657 Deepak_Chopra 2332 true 161 Wed 4 19 151 709 109 103 87 258 1 52 298 261 41796 2 395703341973377024 26459 409 195 174 
1653625 15588657 Deepak_Chopra 2332 true 6 Tue 0 16 6 709 3 3 3 5 0 3 7 7 41796 4 395294078637592576 26459 11 4 4 
1016527 158128894 Nina_Garcia 896 true 6 Tue 0 21 7 1134 3 4 3 7 0 3 8 7 12935 4 395365982006308864 5304 14 4 4 
1653625 15588657 Deepak_Chopra 2332 true 13 Tue 0 19 12 709 5 10 10 6 0 8 15 15 41796 4 395343668510347264 26459 18 5 5 
32928 86740435 Jennie_Gow 423 false 19 Fri 3 11 0 77 19 0 0 72 0 0 32 24 14393 4 396304321001684992 1204 72 32 24 
1653625 15588657 Deepak_Chopra 2332 true 7 Thu 0 10 6 709 4 5 3 4 0 3 9 7 41796 4 395925244969365504 26459 10 4 4 
441455 54730258 Margaret_E._Atwood 845 true 2 Fri 0 09 0 522 2 0 0 2 0 0 2 2 19253 4 396277586294087681 10777 2 2 2 
8669203 5520952 Paulo_Coelho 91 true 419 Wed 4 13 472 95265 226 332 291 551 2 193 741 659 23263 0 395617701827080192 45290 1023 409 368 
1653625 15588657 Deepak_Chopra 2332 true 30 Sat 0 00 49 709 15 31 26 55 4 15 66 51 41796 3 396501964625686530 26459 104 35 25 
32928 86740435 Jennie_Gow 423 false 4 Fri 0 12 0 77 4 0 0 4 0 0 4 4 14393 4 396324149670318080 1204 4 4 4 
134546 22622572 Natalie_Pinkham 633 true 10 Wed 0 08 11 212 3 8 8 4 0 7 12 12 7626 4 395542817621422080 2096 15 4 4 
1653625 15588657 Deepak_Chopra 2332 true 21 Fri 0 01 19 709 15 10 8 46 0 6 34 31 41796 3 396154673922461696 26459 65 24 23 
2458743 12 Jack_Dorsey 1001 true 616 Wed 2 13 0 2456 616 0 0 1211 0 0 1046 942 14140 0 395611742325063680 21863 1211 1046 942 
441455 54730258 Margaret_E._Atwood 845 true 31 Thu 0 20 33 522 11 25 23 17 4 20 40 37 19253 4 396089083287465984 10777 50 15 14 
1907149 262359713 Heidi_Klum 123 true 13 Thu 0 16 0 15505 13 0 0 22 0 0 17 16 2319 4 396019612913242112 5967 22 17 16 
10888952 53153263 Tyra_Banks 2360 true 59 Fri 0 23 63 4613 22 51 45 35 4 37 79 71 4198 3 396490001577295872 38318 98 28 26 
32928 86740435 Jennie_Gow 423 false 4 Sat 0 04 0 77 4 0 0 4 0 0 4 4 14393 4 396567282937122816 1204 4 4 4 
32928 86740435 Jennie_Gow 423 false 3 Fri 0 11 2 77 3 1 1 5 0 0 5 5 14393 4 396307981173665793 1204 7 4 4 
1653625 15588657 Deepak_Chopra 2332 true 18 Thu 0 20 22 709 8 15 13 16 0 10 26 22 41796 4 396079215470059520 26459 38 11 9 
10888952 53153263 Tyra_Banks 2360 true 194 Fri 3 20 184 4613 69 150 148 115 1 125 234 228 4198 2 396442762108616704 38318 299 84 80 
6323400 15439395 Stephen_Fry 51356 true 174 Fri 4 14 170 123 114 104 90 369 1 60 334 290 17632 2 396349441676148736 56696 539 230 200 
32928 86740435 Jennie_Gow 423 false 3 Sat 0 04 1 77 2 1 1 3 0 1 3 3 14393 4 396558909227294720 1204 4 2 2 
447745 17503180 marissamayer 297 true 41 Wed 0 14 52 1507 18 38 32 46 4 23 65 58 947 3 395624994585452544 12017 98 27 26 
32928 86740435 Jennie_Gow 423 false 15 Wed 0 06 0 77 15 0 0 20 0 0 19 18 14393 4 395510203539398657 1204 20 19 18 
1907149 262359713 Heidi_Klum 123 true 193 Thu 3 16 305 15505 61 194 180 152 2 132 278 254 2319 2 396015607759790080 5967 457 84 74 
441455 54730258 Margaret_E._Atwood 845 true 11 Thu 0 20 8 522 6 5 6 15 0 5 17 16 19253 4 396085588916322304 10777 23 12 10 
1016527 158128894 Nina_Garcia 896 true 26 Wed 0 13 36 1134 15 23 21 48 4 11 52 43 12935 3 395612653361451008 5304 84 29 22 
1016527 158128894 Nina_Garcia 896 true 186 Thu 3 14 115 1134 110 99 90 171 1 76 247 225 12935 2 395986353474662401 5304 286 148 135 
32968 16916799 Josh_James 271 true 9 Fri 0 16 9 121 3 7 7 8 0 6 12 12 2087 4 396380160380776448 565 17 5 5 
8669203 5520952 Paulo_Coelho 91 true 65 Fri 0 07 66 95265 18 61 57 34 4 47 89 83 23263 3 396253121187295232 45290 100 28 26 
441455 54730258 Margaret_E._Atwood 845 true 2 Fri 0 22 4 522 1 4 2 6 0 1 8 5 19253 4 396468824528007168 10777 10 4 3 
1653625 15588657 Deepak_Chopra 2332 true 10 Wed 0 11 9 709 5 6 6 6 0 5 12 11 41796 4 395586286729584640 26459 15 6 5 
10888952 53153263 Tyra_Banks 2360 true 140 Fri 3 21 135 4613 50 120 112 66 1 90 181 171 4198 3 396454813635866626 38318 201 61 59 
1653625 15588657 Deepak_Chopra 2332 true 30 Wed 0 06 59 709 14 33 28 61 4 16 67 56 41796 3 395512895426932736 26459 120 34 28 
32928 86740435 Jennie_Gow 423 false 2 Thu 0 15 3 77 0 3 2 1 0 2 3 2 14393 4 396008812588437504 1204 4 0 0 
131763 183749519 Paul_Graham 80 true 30 Thu 0 11 46 1647 15 37 30 53 4 15 76 65 821 3 395950740952215552 4697 99 39 35 
1653625 15588657 Deepak_Chopra 2332 true 8 Fri 0 15 8 709 3 6 5 5 0 5 10 9 41796 4 396371651815686144 26459 13 4 4 
131763 183749519 Paul_Graham 80 true 55 Wed 3 18 71 1647 25 54 51 86 4 30 108 101 821 3 395697663410065408 4697 157 54 50 
32928 86740435 Jennie_Gow 423 false 56 Fri 3 12 0 77 56 0 0 89 0 0 86 79 14393 3 396323573221957632 1204 89 86 79 
1907149 262359713 Heidi_Klum 123 true 4 Thu 0 15 0 15505 4 0 0 5 0 0 4 4 2319 4 396014124792303616 5967 5 4 4 
362647 13348 Robert_Scoble 40082 true 9 Thu 0 06 0 9 9 0 0 17 0 0 14 14 64978 4 395867937447624704 23220 17 14 14 
134546 22622572 Natalie_Pinkham 633 true 28 Wed 0 09 48 212 11 36 31 19 4 17 54 48 7626 3 395552573135925248 2096 67 18 17 
32928 86740435 Jennie_Gow 423 false 7 Sat 0 03 1 77 6 1 1 6 0 1 7 7 14393 4 396552048214159361 1204 7 6 6 
441455 54730258 Margaret_E._Atwood 845 true 33 Fri 0 09 37 522 8 36 31 15 4 25 49 41 19253 4 396277872047824896 10777 52 13 10 
1653625 15588657 Deepak_Chopra 2332 true 50 Wed 3 13 0 709 50 0 0 85 0 0 73 67 41796 3 395618953835212800 26459 85 73 67 
441455 54730258 Margaret_E._Atwood 845 true 8 Fri 0 09 6 522 5 5 4 10 0 3 12 11 19253 4 396276064944533504 10777 16 7 7 
6323400 15439395 Stephen_Fry 51356 true 19 Fri 0 21 42 123 4 23 20 9 4 15 28 24 17632 4 396453213056290816 56696 51 5 4 
362647 13348 Robert_Scoble 40082 true 8 Thu 0 16 0 9 8 0 0 15 0 0 12 10 64978 4 396021805309120512 23220 15 12 10 
1653625 15588657 Deepak_Chopra 2332 true 30 Thu 0 21 27 709 19 17 15 33 4 11 42 37 41796 3 396094600365879297 26459 60 25 22 
10888952 53153263 Tyra_Banks 2360 true 58 Fri 0 23 85 4613 20 56 49 34 4 38 83 72 4198 3 396492968044929024 38318 119 27 23 
131763 183749519 Paul_Graham 80 true 508 Sat 1 01 0 1647 508 0 0 1118 0 0 690 604 821 0 396514015934824449 4697 1118 690 604 
6323400 15439395 Stephen_Fry 51356 true 210 Thu 3 14 319 123 90 231 203 209 2 120 400 355 17632 2 395999256189751296 56696 528 169 152 
441455 54730258 Margaret_E._Atwood 845 true 3 Fri 0 22 0 522 3 0 0 6 0 0 4 4 19253 4 396478995232858112 10777 6 4 4 
8669203 5520952 Paulo_Coelho 91 true 205 Wed 4 14 245 95265 136 156 134 431 1 69 438 373 23263 0 395625921987608576 45290 676 282 239 
10888952 53153263 Tyra_Banks 2360 true 8 Sat 0 00 0 4613 8 0 0 17 0 0 10 10 4198 4 396506215183683584 38318 17 10 10 
1653625 15588657 Deepak_Chopra 2332 true 7 Thu 0 14 5 709 5 5 4 8 0 2 13 11 41796 4 395990909017284608 26459 13 8 7 
1907149 262359713 Heidi_Klum 123 true 9 Thu 0 15 0 15505 9 0 0 22 0 0 18 17 2319 4 396010127079522304 5967 22 18 17 
2458743 12 Jack_Dorsey 1001 true 31 Wed 3 13 0 2456 31 0 0 68 0 0 53 43 14140 3 395616661392216064 21863 68 53 43 
6323400 15439395 Stephen_Fry 51356 true 46 Wed 3 10 45 123 33 25 21 130 4 13 107 92 17632 3 395573092028006400 56696 175 82 71 
32928 86740435 Jennie_Gow 423 false 3 Fri 0 02 3 77 1 3 3 2 0 2 4 4 14393 4 396179794187911168 1204 5 1 1 
1653625 15588657 Deepak_Chopra 2332 true 45 Tue 0 18 39 709 25 30 27 42 4 20 63 57 41796 3 395324230419496960 26459 81 33 30 
1653625 15588657 Deepak_Chopra 2332 true 40 Wed 3 06 44 709 27 23 21 93 4 13 74 66 41796 3 395502733295251456 26459 137 51 45 
1907149 262359713 Heidi_Klum 123 true 175 Fri 3 12 360 15505 28 249 216 83 2 147 295 258 2319 2 396330455320244224 5967 443 46 42 
6323400 15439395 Stephen_Fry 51356 true 178 Wed 3 16 234 123 62 188 162 155 1 116 309 267 17632 2 395657215148687360 56696 389 121 105 
32928 86740435 Jennie_Gow 423 false 9 Fri 0 03 0 77 9 0 0 32 0 0 20 17 14393 4 396183249640120320 1204 32 20 17 
1653625 15588657 Deepak_Chopra 2332 true 27 Fri 3 12 55 709 17 18 17 77 4 10 40 37 41796 3 396331566076403712 26459 132 22 20 
10888952 53153263 Tyra_Banks 2360 true 66 Thu 3 16 103 4613 24 74 64 56 4 42 112 96 4198 3 396026630797557761 38318 159 38 32 
8669203 5520952 Paulo_Coelho 91 true 233 Fri 3 12 240 95265 90 187 172 150 1 143 301 280 23263 2 396325039567409152 45290 390 114 108 
32928 86740435 Jennie_Gow 423 false 1 Wed 0 11 1 77 1 1 0 2 0 0 3 1 14393 4 395580500536221696 1204 3 2 1 
32968 16916799 Josh_James 271 true 5 Tue 0 18 2 121 3 2 2 7 0 2 8 6 2087 4 395333794292457472 565 9 6 4 
32928 86740435 Jennie_Gow 423 false 59 Wed 3 23 0 77 59 0 0 61 0 0 59 59 14393 4 395758786633158656 1204 61 59 59 
299821 1000591 Fred_Wilson 823 true 7 Thu 0 10 12 364 0 7 8 2 0 7 9 10 9854 4 395925098588168192 9675 14 2 2 
8669203 5520952 Paulo_Coelho 91 true 201 Thu 4 08 236 95265 98 170 154 241 1 103 333 304 23263 2 395894795593605120 45290 477 163 150 
441455 54730258 Margaret_E._Atwood 845 true 1 Wed 0 23 0 522 1 0 0 2 0 0 1 1 19253 4 395765299892334592 10777 2 1 1 
8669203 5520952 Paulo_Coelho 91 true 916 Wed 1 10 744 95265 501 611 553 877 3 415 1330 1198 23263 1 395562035121238016 45290 1621 719 645 
32928 86740435 Jennie_Gow 423 false 1 Wed 0 11 0 77 1 0 0 1 0 0 1 1 14393 4 395581615734538240 1204 1 1 1 
1907149 262359713 Heidi_Klum 123 true 5 Thu 0 16 0 15505 5 0 0 12 0 0 8 7 2319 4 396017595700486144 5967 12 8 7 
32928 86740435 Jennie_Gow 423 false 11 Thu 0 05 0 77 11 0 0 18 0 0 17 15 14393 4 395863716895289344 1204 18 17 15 
1653625 15588657 Deepak_Chopra 2332 true 25 Thu 0 10 24 709 11 19 16 25 4 14 38 30 41796 4 395925491980312576 26459 49 19 14 
6323400 15439395 Stephen_Fry 51356 true 21 Wed 0 12 38 123 8 25 21 19 4 13 38 33 17632 4 395591179288313856 56696 57 13 12 
1653625 15588657 Deepak_Chopra 2332 true 14 Thu 0 01 20 709 5 13 11 39 0 9 21 17 41796 4 395793281948606466 26459 59 8 6 
8669203 5520952 Paulo_Coelho 91 true 251 Wed 4 07 194 95265 186 142 124 412 1 65 460 413 23263 2 395523432198062080 45290 606 318 289 
1653625 15588657 Deepak_Chopra 2332 true 12 Fri 0 15 27 709 5 16 13 11 4 7 25 20 41796 4 396372766774935552 26459 38 9 7 
1653625 15588657 Deepak_Chopra 2332 true 13 Wed 0 11 16 709 6 13 12 11 0 7 24 22 41796 4 395583221015908352 26459 27 11 10 
1653625 15588657 Deepak_Chopra 2332 true 9 Wed 0 13 11 709 3 8 8 9 0 6 14 13 41796 4 395618557129527296 26459 20 6 5 
1907149 262359713 Heidi_Klum 123 true 60 Fri 3 00 199 15505 16 83 72 63 1 44 111 97 2319 2 396140109558722561 5967 262 28 25 
32928 86740435 Jennie_Gow 423 false 2 Wed 0 11 0 77 2 0 0 2 0 0 2 2 14393 4 395581379452628992 1204 2 2 2 
441455 54730258 Margaret_E._Atwood 845 true 2 Wed 0 23 0 522 2 0 0 4 0 0 2 2 19253 4 395765394704576512 10777 4 2 2 
2458743 12 Jack_Dorsey 1001 true 65 Wed 0 01 96 2456 16 65 59 24 4 49 83 76 14140 3 395427178969456640 21863 120 18 17 
362647 13348 Robert_Scoble 40082 true 9 Fri 0 23 9 9 5 8 8 15 0 4 21 19 64978 4 396488666442248192 23220 24 13 11 
1653625 15588657 Deepak_Chopra 2332 true 21 Wed 0 23 19 709 8 15 15 8 0 13 23 23 41796 4 395759982819291136 26459 27 8 8 
32928 86740435 Jennie_Gow 423 false 8 Fri 0 12 0 77 8 0 0 17 0 0 11 10 14393 4 396323935798558721 1204 17 11 10 
1907149 262359713 Heidi_Klum 123 true 10 Thu 0 16 0 15505 10 0 0 17 0 0 12 11 2319 4 396016641890598912 5967 17 12 11 
362647 13348 Robert_Scoble 40082 true 104 Fri 3 21 0 9 104 0 0 149 0 0 132 125 64978 3 396461728973983744 23220 149 132 125 
1653625 15588657 Deepak_Chopra 2332 true 98 Fri 4 16 147 709 62 71 55 255 1 36 226 179 41796 2 396387928479260672 26459 402 155 124 
441455 54730258 Margaret_E._Atwood 845 true 19 Thu 0 19 25 522 8 19 17 25 4 11 35 32 19253 4 396075084722360322 10777 50 16 15 
1653625 15588657 Deepak_Chopra 2332 true 6 Wed 0 11 6 709 4 5 3 5 0 2 9 7 41796 4 395580752827400192 26459 11 4 4 
6323400 15439395 Stephen_Fry 51356 true 83 Thu 3 11 50 123 64 32 30 130 4 19 133 124 17632 3 395951254938976257 56696 180 101 94 
122198 14372143 Jason_Fried 98 true 6 Fri 0 15 0 1246 6 0 0 13 0 0 8 8 14768 4 396369259078512641 7809 13 8 8 
441455 54730258 Margaret_E._Atwood 845 true 3 Wed 0 23 6 522 1 4 4 6 0 2 7 7 19253 4 395765080194678784 10777 12 3 3 
10888952 53153263 Tyra_Banks 2360 true 374 Wed 3 16 706 4613 76 512 463 207 3 298 652 587 4198 0 395666530995671040 38318 913 140 124 
8669203 5520952 Paulo_Coelho 91 true 296 Thu 4 17 194 95265 211 140 118 472 1 85 478 424 23263 0 396043172234539008 45290 666 338 306 
10888952 53153263 Tyra_Banks 2360 true 372 Fri 3 20 594 4613 102 428 382 211 2 270 571 512 4198 0 396449411166765056 38318 805 143 130 
1907149 262359713 Heidi_Klum 123 true 151 Wed 3 17 317 15505 37 191 170 99 2 114 248 221 2319 2 395681891736883200 5967 416 57 51 
2458743 12 Jack_Dorsey 1001 true 10 Wed 0 13 0 2456 10 0 0 13 0 0 11 11 14140 4 395615349917237248 21863 13 11 11 
122198 14372143 Jason_Fried 98 true 14 Wed 0 09 0 1246 14 0 0 31 0 0 22 21 14768 4 395551143838752769 7809 31 22 21 
134546 22622572 Natalie_Pinkham 633 true 9 Fri 0 17 15 212 2 10 10 3 0 7 14 14 7626 4 396395664542027776 2096 18 4 4 
32928 86740435 Jennie_Gow 423 false 4 Fri 0 08 0 77 4 0 0 9 0 0 4 4 14393 4 396262465673375744 1204 9 4 4 
10888952 53153263 Tyra_Banks 2360 true 6 Sat 0 00 0 4613 6 0 0 24 0 0 13 10 4198 4 396506819696545792 38318 24 13 10 
1653625 15588657 Deepak_Chopra 2332 true 5 Tue 0 17 0 709 5 0 0 20 0 0 14 13 41796 4 395305863222546432 26459 20 14 13 
134546 22622572 Natalie_Pinkham 633 true 16 Fri 0 16 28 212 2 25 24 4 4 14 28 27 7626 4 396377229439291392 2096 32 3 3 
1653625 15588657 Deepak_Chopra 2332 true 19 Thu 0 10 45 709 12 10 9 50 4 7 28 25 41796 3 395925990343340032 26459 95 18 16 
131763 183749519 Paul_Graham 80 true 132 Fri 1 00 282 1647 95 104 82 931 2 37 417 306 821 0 396141269035925504 4697 1213 313 224 
1653625 15588657 Deepak_Chopra 2332 true 61 Tue 3 22 63 709 36 42 36 74 4 25 102 90 41796 3 395384624815165440 26459 137 60 54 
32928 86740435 Jennie_Gow 423 false 0 Thu 0 01 1 77 0 1 1 2 0 0 3 3 14393 4 395791982947487744 1204 3 2 2 
134546 22622572 Natalie_Pinkham 633 true 20 Sat 0 03 16 212 11 13 12 11 0 9 24 23 7626 4 396550852363563010 2096 27 11 11 
1770213 213969309 Lewis_Hamilton 244 true 96 Thu 3 07 154 7254 46 89 75 135 1 50 172 140 1260 2 395880057517793281 34318 289 83 65 
32928 86740435 Jennie_Gow 423 false 1 Thu 0 00 3 77 1 2 1 2 0 0 4 2 14393 4 395778212544135168 1204 5 2 1 
6323400 15439395 Stephen_Fry 51356 true 507 Wed 1 12 462 123 321 318 267 953 2 186 941 770 17632 0 395604157773910016 56696 1415 623 503 
10888952 53153263 Tyra_Banks 2360 true 7 Fri 0 23 0 4613 7 0 0 16 0 0 10 9 4198 4 396491568238321664 38318 16 10 9 
362647 13348 Robert_Scoble 40082 true 11 Fri 0 20 0 9 11 0 0 28 0 0 15 14 64978 4 396448900196098048 23220 28 15 14 
362647 13348 Robert_Scoble 40082 true 158 Thu 4 13 0 9 158 0 0 378 0 0 252 223 64978 2 395975602999930880 23220 378 252 223 
32928 86740435 Jennie_Gow 423 false 1 Wed 0 12 0 77 1 0 0 3 0 0 3 3 14393 4 395593610126966784 1204 3 3 3 
1653625 15588657 Deepak_Chopra 2332 true 27 Tue 0 19 24 709 15 15 14 27 4 12 35 34 41796 4 395337706063937536 26459 51 20 20 
32928 86740435 Jennie_Gow 423 false 1 Wed 0 11 0 77 1 0 0 1 0 0 1 1 14393 4 395584584483495936 1204 1 1 1 
6323400 15439395 Stephen_Fry 51356 true 26 Thu 0 12 34 123 11 22 20 20 4 15 38 35 17632 4 395964104424177664 56696 54 16 15 
1653625 15588657 Deepak_Chopra 2332 true 48 Fri 3 14 88 709 29 25 23 119 4 19 64 59 41796 3 396349029048520704 26459 207 39 36 
6323400 15439395 Stephen_Fry 51356 true 252 Thu 4 11 127 123 201 91 76 545 1 51 472 420 17632 0 395946990334255104 56696 672 381 344 
362647 13348 Robert_Scoble 40082 true 9 Thu 0 14 0 9 9 0 0 11 0 0 11 11 64978 4 395985357713707008 23220 11 11 11 
10888952 53153263 Tyra_Banks 2360 true 78 Fri 0 23 79 4613 29 60 56 44 4 49 98 90 4198 3 396493960459194368 38318 123 38 34 
131763 183749519 Paul_Graham 80 true 75 Thu 3 00 94 1647 47 53 47 132 4 28 135 120 821 3 395782058053619712 4697 226 82 73 
1907149 262359713 Heidi_Klum 123 true 4 Thu 0 16 0 15505 4 0 0 5 0 0 4 4 2319 4 396017714252500992 5967 5 4 4 
134546 22622572 Natalie_Pinkham 633 true 33 Wed 3 09 83 212 14 52 41 80 4 19 99 73 7626 3 395561066362859521 2096 163 47 32 
1653625 15588657 Deepak_Chopra 2332 true 4 Wed 0 13 0 709 4 0 0 7 0 0 4 4 41796 4 395618703699496961 26459 7 4 4 
441455 54730258 Margaret_E._Atwood 845 true 1 Thu 0 08 0 522 1 0 0 2 0 0 2 1 19253 4 395899781299453954 10777 2 2 1 
1016527 158128894 Nina_Garcia 896 true 60 Wed 0 13 43 1134 29 37 35 44 4 31 78 72 12935 3 395608165573599232 5304 87 41 37 
1653625 15588657 Deepak_Chopra 2332 true 8 Thu 0 10 10 709 4 9 6 8 0 4 16 13 41796 4 395931461079285760 26459 18 7 7 
1653625 15588657 Deepak_Chopra 2332 true 18 Tue 0 17 20 709 10 12 11 20 0 8 29 28 41796 4 395305651250798593 26459 40 17 17 
32928 86740435 Jennie_Gow 423 false 5 Fri 0 01 4 77 4 3 3 16 0 1 14 10 14393 4 396151603851304961 1204 20 11 7 
32928 86740435 Jennie_Gow 423 false 5 Thu 0 15 7 77 0 7 6 0 0 5 7 6 14393 4 396011073804836864 1204 7 0 0 
1907149 262359713 Heidi_Klum 123 true 6 Thu 0 16 0 15505 6 0 0 11 0 0 11 11 2319 4 396020152678223872 5967 11 11 11 
362647 13348 Robert_Scoble 40082 true 15 Fri 0 20 18 9 6 12 11 8 0 9 19 17 64978 4 396449880110948352 23220 26 7 6 
10888952 53153263 Tyra_Banks 2360 true 58 Fri 3 20 0 4613 58 0 0 92 0 0 85 73 4198 3 396451921974009856 38318 92 85 73 
1016527 158128894 Nina_Garcia 896 true 21 Wed 0 12 0 1134 21 0 0 33 0 0 32 28 12935 4 395605400604930048 5304 33 32 28 
1653625 15588657 Deepak_Chopra 2332 true 20 Wed 0 12 18 709 11 16 16 20 0 9 32 34 41796 4 395594513999077376 26459 38 16 18 
1016527 158128894 Nina_Garcia 896 true 13 Thu 0 04 15 1134 5 12 8 8 0 8 18 13 12935 4 395845742893740032 5304 23 6 5 
362647 13348 Robert_Scoble 40082 true 2 Wed 0 05 0 9 2 0 0 5 0 0 5 4 64978 4 395499348454555648 23220 5 5 4 
1653625 15588657 Deepak_Chopra 2332 true 64 Thu 3 10 73 709 40 32 29 102 4 24 86 77 41796 3 395925725028446208 26459 175 54 48 
1653625 15588657 Deepak_Chopra 2332 true 12 Fri 0 20 33 709 5 22 20 15 4 7 32 30 41796 4 396441540932820992 26459 48 10 10 
6954006 185314895 Victoria_Beckham 41 true 871 Wed 1 17 1101 169609 373 810 723 852 3 498 1416 1252 1477 1 395679212138274816 17739 1953 606 529 
10888952 53153263 Tyra_Banks 2360 true 28 Sat 3 00 0 4613 28 0 0 75 0 0 52 48 4198 3 396504668894818304 38318 75 52 48 
8669203 5520952 Paulo_Coelho 91 true 372 Wed 1 14 215 95265 289 152 135 660 1 83 654 585 23263 0 395624916063490049 45290 875 502 450 
362647 13348 Robert_Scoble 40082 true 15 Tue 0 20 0 9 15 0 0 59 0 0 32 25 64978 4 395359682430119936 23220 59 32 25 
1653625 15588657 Deepak_Chopra 2332 true 54 Fri 0 12 82 709 10 61 60 22 4 44 76 73 41796 3 396318478564487168 26459 104 15 13 
1653625 15588657 Deepak_Chopra 2332 true 24 Tue 0 23 36 709 10 23 20 17 4 14 38 34 41796 4 395399677387874304 26459 53 15 14 
1653625 15588657 Deepak_Chopra 2332 true 13 Wed 0 06 12 709 9 7 6 15 0 4 21 20 41796 4 395513758279155713 26459 27 14 14 
6323400 15439395 Stephen_Fry 51356 true 104 Fri 3 22 158 123 55 85 79 113 1 49 168 155 17632 2 396474789357162496 56696 271 83 76 
122198 14372143 Jason_Fried 98 true 7 Thu 0 10 0 1246 7 0 0 11 0 0 9 8 14768 4 395932094771122176 7809 11 9 8 
1653625 15588657 Deepak_Chopra 2332 true 10 Wed 0 13 10 709 5 10 9 7 0 5 16 15 41796 4 395617283810144256 26459 17 6 6 
32968 16916799 Josh_James 271 true 1 Sat 0 03 12 121 0 2 2 15 0 1 3 2 2087 4 396553423497089024 565 27 1 0 
299821 1000591 Fred_Wilson 823 true 8 Wed 0 11 13 364 3 11 11 18 0 5 25 23 9854 4 395583271980916736 9675 31 14 12 
1907149 262359713 Heidi_Klum 123 true 172 Thu 3 20 381 15505 55 220 185 152 2 117 318 268 2319 2 396086313776349184 5967 533 98 83 
362647 13348 Robert_Scoble 40082 true 2 Wed 0 14 11 9 1 4 3 5 0 1 8 6 64978 4 395629803753443328 23220 16 4 3 
441455 54730258 Margaret_E._Atwood 845 true 22 Thu 0 08 0 522 22 0 0 33 0 0 27 24 19253 4 395899271263686657 10777 33 27 24 
362647 13348 Robert_Scoble 40082 true 33 Thu 3 16 0 9 33 0 0 86 0 0 52 43 64978 3 396028917313982464 23220 86 52 43 
32928 86740435 Jennie_Gow 423 false 7 Thu 0 09 1 77 6 1 1 7 0 1 8 8 14393 4 395909731467792385 1204 8 7 7 
441455 54730258 Margaret_E._Atwood 845 true 4 Thu 0 20 0 522 4 0 0 6 0 0 5 5 19253 4 396086500237901825 10777 6 5 5 
1653625 15588657 Deepak_Chopra 2332 true 77 Thu 3 20 49 709 50 34 34 76 4 27 98 95 41796 3 396081827305099264 26459 125 64 61 
8669203 5520952 Paulo_Coelho 91 true 62 Tue 3 18 96 95265 22 64 58 72 4 40 111 103 23263 3 395334766674735105 45290 168 47 45 
10888952 53153263 Tyra_Banks 2360 true 56 Sat 0 00 88 4613 21 59 55 42 4 35 88 82 4198 3 396501506402168833 38318 130 29 27 
32928 86740435 Jennie_Gow 423 false 5 Fri 0 01 0 77 5 0 0 7 0 0 7 7 14393 4 396159239556567040 1204 7 7 7 
1016527 158128894 Nina_Garcia 896 true 89 Fri 3 09 54 1134 59 50 46 103 4 30 140 128 12935 3 396285531924865024 5304 157 90 82 
32928 86740435 Jennie_Gow 423 false 32 Thu 3 05 0 77 32 0 0 62 0 0 49 46 14393 3 395863701376348160 1204 62 49 46 
6323400 15439395 Stephen_Fry 51356 true 166 Fri 4 12 84 123 136 58 52 362 4 30 335 298 17632 2 396323669385154561 56696 446 277 246 
1653625 15588657 Deepak_Chopra 2332 true 19 Thu 0 14 30 709 13 17 12 35 4 6 43 33 41796 4 395988555761070080 26459 65 26 21 
8669203 5520952 Paulo_Coelho 91 true 970 Thu 2 09 752 95265 682 486 438 1829 3 288 1687 1482 23263 1 395913932809838593 45290 2581 1201 1044 
362647 13348 Robert_Scoble 40082 true 2 Fri 0 14 0 9 2 0 0 14 0 0 7 4 64978 4 396361216538722304 23220 14 7 4 
2458743 12 Jack_Dorsey 1001 true 151 Wed 3 22 109 2456 80 89 84 118 1 71 187 179 14140 2 395753276664066049 21863 227 98 95 
1907149 262359713 Heidi_Klum 123 true 7 Thu 0 15 0 15505 7 0 0 13 0 0 9 8 2319 4 396008852711563265 5967 13 9 8 
1907149 262359713 Heidi_Klum 123 true 5 Thu 0 16 0 15505 5 0 0 7 0 0 6 6 2319 4 396019854786174976 5967 7 6 6 
2458743 12 Jack_Dorsey 1001 true 108 Wed 3 20 104 2456 46 91 86 71 1 62 156 150 14140 3 395718226161991680 21863 175 65 64 
10888952 53153263 Tyra_Banks 2360 true 412 Wed 4 05 553 4613 182 396 349 373 2 230 690 616 4198 0 395499209064861696 38318 926 294 267 
32928 86740435 Jennie_Gow 423 false 0 Sat 0 01 1 77 0 0 0 1 0 0 1 1 14393 4 396513874872004608 1204 2 1 1 
1653625 15588657 Deepak_Chopra 2332 true 37 Fri 0 19 24 709 26 19 17 49 4 11 59 53 41796 3 396426728760823808 26459 73 40 36 
32928 86740435 Jennie_Gow 423 false 7 Thu 0 09 0 77 7 0 0 10 0 0 9 9 14393 4 395921226649960448 1204 10 9 9 
1907149 262359713 Heidi_Klum 123 true 12 Thu 0 17 0 15505 12 0 0 20 0 0 18 18 2319 4 396038721398915074 5967 20 18 18 
1907149 262359713 Heidi_Klum 123 true 14 Thu 0 16 0 15505 14 0 0 18 0 0 17 16 2319 4 396016683326119936 5967 18 17 16 
10888952 53153263 Tyra_Banks 2360 true 217 Thu 3 09 299 4613 59 254 236 108 2 158 345 322 4198 2 395916050551697408 38318 407 91 86 
1653625 15588657 Deepak_Chopra 2332 true 7 Fri 0 09 11 709 2 9 8 5 0 5 14 12 41796 4 396281003720704000 26459 16 5 4 
362647 13348 Robert_Scoble 40082 true 2 Fri 0 20 0 9 2 0 0 2 0 0 2 2 64978 4 396449582273810432 23220 2 2 2 
441455 54730258 Margaret_E._Atwood 845 true 16 Thu 0 20 0 522 16 0 0 39 0 0 34 32 19253 4 396086598892130304 10777 39 34 32 
1653625 15588657 Deepak_Chopra 2332 true 43 Sat 3 01 65 709 21 42 37 92 4 22 78 70 41796 3 396517051973394432 26459 157 36 33 
32928 86740435 Jennie_Gow 423 false 1 Wed 0 11 0 77 1 0 0 1 0 0 1 1 14393 4 395584873785618432 1204 1 1 1 
10888952 53153263 Tyra_Banks 2360 true 66 Fri 0 23 68 4613 22 53 50 28 4 44 76 72 4198 3 396487171734904833 38318 96 23 22 
10888952 53153263 Tyra_Banks 2360 true 132 Fri 3 21 164 4613 46 124 115 99 1 86 191 177 4198 2 396457266993324032 38318 263 67 62 
1016527 158128894 Nina_Garcia 896 true 3 Wed 0 13 5 1134 2 2 1 6 0 1 6 4 12935 4 395621002832392192 5304 11 4 3 
441455 54730258 Margaret_E._Atwood 845 true 42 Fri 0 12 53 522 18 36 34 55 4 24 64 55 19253 3 396328988202643456 10777 108 28 21 
1653625 15588657 Deepak_Chopra 2332 true 23 Thu 0 10 22 709 11 21 18 19 0 12 40 36 41796 4 395930846265638912 26459 41 19 18 
6323400 15439395 Stephen_Fry 51356 true 65 Fri 0 21 138 123 21 74 64 54 1 44 105 92 17632 3 396453752846450688 56696 192 31 28 
441455 54730258 Margaret_E._Atwood 845 true 3 Thu 0 21 0 522 3 0 0 6 0 0 4 3 19253 4 396093804874186752 10777 6 4 3 
441455 54730258 Margaret_E._Atwood 845 true 8 Fri 0 09 0 522 8 0 0 15 0 0 12 10 19253 4 396276570488180736 10777 15 12 10 
362647 13348 Robert_Scoble 40082 true 1 Fri 0 10 0 9 1 0 0 3 0 0 1 1 64978 4 396288769688883200 23220 3 1 1 
362647 13348 Robert_Scoble 40082 true 40 Tue 3 17 0 9 40 0 0 66 0 0 54 48 64978 3 395318087815553024 23220 66 54 48 
8669203 5520952 Paulo_Coelho 91 true 54 Wed 3 06 69 95265 30 55 48 76 4 24 108 93 23263 3 395516292050202624 45290 145 53 45 
1770213 213969309 Lewis_Hamilton 244 true 191 Thu 3 15 305 7254 72 195 167 218 2 119 312 268 1260 2 396004952343982080 34318 523 117 101 
10888952 53153263 Tyra_Banks 2360 true 560 Thu 4 10 787 4613 233 564 511 485 3 327 903 823 4198 0 395934055574671360 38318 1272 339 312 
1653625 15588657 Deepak_Chopra 2332 true 14 Thu 0 10 47 709 4 14 12 42 4 10 20 18 41796 3 395931782295863296 26459 89 6 6 
1653625 15588657 Deepak_Chopra 2332 true 42 Fri 3 23 61 709 26 44 31 55 4 16 86 67 41796 3 396486944185516032 26459 116 42 36 
131763 183749519 Paul_Graham 80 true 3 Fri 0 00 0 1647 3 0 0 15 0 0 9 5 821 4 396143240161669120 4697 15 9 5 
1653625 15588657 Deepak_Chopra 2332 true 37 Wed 0 23 40 709 17 31 29 34 4 20 58 51 41796 3 395762160220913665 26459 74 27 22 
1907149 262359713 Heidi_Klum 123 true 21 Thu 3 23 0 15505 21 0 0 70 0 0 34 30 2319 3 396127381632843776 5967 70 34 30 
134546 22622572 Natalie_Pinkham 633 true 3 Sat 0 00 4 212 2 2 1 4 0 1 4 3 7626 4 396508460122382336 2096 8 2 2 
8669203 5520952 Paulo_Coelho 91 true 288 Fri 4 08 189 95265 234 126 103 568 1 54 573 490 23263 0 396257914991968257 45290 757 447 387 
441455 54730258 Margaret_E._Atwood 845 true 1 Fri 0 21 0 522 1 0 0 4 0 0 2 2 19253 4 396467801109438464 10777 4 2 2 
1653625 15588657 Deepak_Chopra 2332 true 39 Wed 3 00 54 709 23 35 28 78 4 16 94 75 41796 3 395414848588095488 26459 132 59 47 
441455 54730258 Margaret_E._Atwood 845 true 2 Wed 0 08 2 522 0 2 2 0 0 2 2 2 19253 4 395534303792078848 10777 2 0 0 
6323400 15439395 Stephen_Fry 51356 true 299 Thu 4 11 409 123 149 257 231 281 2 150 462 424 17632 0 395952238905933824 56696 690 205 193 
10888952 53153263 Tyra_Banks 2360 true 70 Fri 0 23 69 4613 24 55 52 37 4 46 84 80 4198 3 396489316114759681 38318 106 29 28 
32968 16916799 Josh_James 271 true 0 Wed 0 23 5 121 0 5 2 1 0 0 6 2 2087 4 395768558644649984 565 6 1 0 
32968 16916799 Josh_James 271 true 11 Wed 0 19 14 121 3 11 11 7 0 8 15 15 2087 4 395700479771934720 565 21 4 4 
32928 86740435 Jennie_Gow 423 false 1 Wed 0 11 0 77 1 0 0 3 0 0 3 3 14393 4 395581398037569536 1204 3 3 3 
6323400 15439395 Stephen_Fry 51356 true 520 Fri 1 22 1273 123 258 496 404 1115 3 262 967 789 17632 1 396475890882064384 56696 2388 471 385 
1016527 158128894 Nina_Garcia 896 true 99 Wed 3 09 47 1134 71 41 36 108 4 28 141 128 12935 3 395554536397758464 5304 155 100 92 
32928 86740435 Jennie_Gow 423 false 1 Thu 0 11 1 77 1 1 0 1 0 0 2 1 14393 4 395945086418038784 1204 2 1 1 
10888952 53153263 Tyra_Banks 2360 true 40 Sat 3 00 0 4613 40 0 0 79 0 0 53 48 4198 3 396503768734654464 38318 79 53 48 
1907149 262359713 Heidi_Klum 123 true 26 Thu 0 15 0 15505 26 0 0 42 0 0 35 35 2319 4 396008773455982593 5967 42 35 35 
32928 86740435 Jennie_Gow 423 false 21 Fri 0 10 0 77 21 0 0 30 0 0 29 27 14393 4 396289089927790592 1204 30 29 27 
1653625 15588657 Deepak_Chopra 2332 true 38 Thu 3 07 58 709 21 23 22 57 4 17 51 48 41796 3 395891246780006400 26459 115 28 26 
1653625 15588657 Deepak_Chopra 2332 true 7 Tue 0 21 7 709 1 6 6 3 0 6 8 7 41796 4 395377924896849922 26459 10 2 1 
32928 86740435 Jennie_Gow 423 false 8 Sat 0 03 0 77 8 0 0 10 0 0 8 8 14393 4 396551364081233920 1204 10 8 8 
1907149 262359713 Heidi_Klum 123 true 140 Fri 3 10 250 15505 36 178 156 76 1 104 232 206 2319 2 396287248716398593 5967 326 54 50 
362647 13348 Robert_Scoble 40082 true 18 Wed 0 05 11 9 14 8 8 17 0 4 23 23 64978 4 395487907345362945 23220 28 15 15 
1016527 158128894 Nina_Garcia 896 true 11 Fri 0 10 0 1134 11 0 0 16 0 0 15 14 12935 4 396290684724195328 5304 16 15 14 
362647 13348 Robert_Scoble 40082 true 33 Thu 3 13 0 9 33 0 0 52 0 0 45 43 64978 4 395975014732009473 23220 52 45 43 
1016527 158128894 Nina_Garcia 896 true 127 Fri 3 20 113 1134 80 87 70 183 1 47 236 205 12935 2 396448351816007680 5304 296 149 135 
8669203 5520952 Paulo_Coelho 91 true 24 Wed 0 17 43 95265 10 31 28 34 4 14 46 42 23263 3 395679589868916737 45290 77 15 14 
441455 54730258 Margaret_E._Atwood 845 true 27 Fri 0 07 11 522 20 9 8 30 0 7 34 33 19253 4 396248913302147074 10777 41 25 25 
441455 54730258 Margaret_E._Atwood 845 true 10 Wed 0 23 0 522 10 0 0 23 0 0 12 11 19253 4 395766688966115328 10777 23 12 11 
122198 14372143 Jason_Fried 98 true 4 Thu 0 14 12 1246 2 6 6 9 0 2 12 12 14768 4 395998602083844096 7809 21 6 6 
8669203 5520952 Paulo_Coelho 91 true 876 Thu 2 17 848 95265 531 579 526 1265 3 345 1450 1312 23263 1 396030141748371457 45290 2113 871 786 
362647 13348 Robert_Scoble 40082 true 9 Thu 0 07 9 9 4 8 6 10 0 5 15 12 64978 4 395890065806589952 23220 19 7 6 
8669203 5520952 Paulo_Coelho 91 true 291 Fri 4 07 261 95265 177 205 190 344 2 114 491 450 23263 2 396251981712347136 45290 605 286 260 
441455 54730258 Margaret_E._Atwood 845 true 10 Fri 0 16 15 522 0 13 12 2 0 10 14 13 19253 4 396384337957892096 10777 17 1 1 
1653625 15588657 Deepak_Chopra 2332 true 9 Fri 0 16 6 709 7 4 3 9 0 2 13 11 41796 4 396381952829186048 26459 15 9 8 
6954006 185314895 Victoria_Beckham 41 true 156 Sat 3 04 303 169609 65 164 138 220 2 91 276 225 1477 2 396571024348962817 17739 523 112 87 
1653625 15588657 Deepak_Chopra 2332 true 6 Thu 0 20 0 709 6 0 0 9 0 0 9 8 41796 4 396076314613907456 26459 9 9 8 
134546 22622572 Natalie_Pinkham 633 true 5 Fri 0 17 7 212 1 5 3 3 0 4 6 4 7626 4 396394716415406080 2096 10 1 1 
32928 86740435 Jennie_Gow 423 false 2 Fri 0 00 0 77 2 0 0 7 0 0 4 3 14393 4 396147809033801728 1204 7 4 3 
2458743 12 Jack_Dorsey 1001 true 40 Wed 0 19 54 2456 13 45 41 33 4 27 70 62 14140 3 395711107651735552 21863 87 25 21 
32928 86740435 Jennie_Gow 423 false 28 Fri 0 12 10 77 19 9 9 26 0 9 31 30 14393 4 396324821081915392 1204 36 22 21 
10888952 53153263 Tyra_Banks 2360 true 3 Sat 0 00 0 4613 3 0 0 14 0 0 8 7 4198 4 396504847811608576 38318 14 8 7 
2458743 12 Jack_Dorsey 1001 true 7 Wed 0 12 0 2456 7 0 0 10 0 0 8 8 14140 4 395594582643073025 21863 10 8 8 
32928 86740435 Jennie_Gow 423 false 3 Thu 0 14 0 77 3 0 0 4 0 0 4 4 14393 4 395991646443413504 1204 4 4 4 
32928 86740435 Jennie_Gow 423 false 10 Fri 0 01 0 77 10 0 0 11 0 0 11 11 14393 4 396159340073078784 1204 11 11 11 
1653625 15588657 Deepak_Chopra 2332 true 43 Thu 3 10 72 709 27 31 28 86 4 16 77 72 41796 3 395926693543555072 26459 158 46 44 
32928 86740435 Jennie_Gow 423 false 9 Fri 0 03 4 77 6 3 3 7 0 3 9 9 14393 4 396183501558394881 1204 11 6 6 
134546 22622572 Natalie_Pinkham 633 true 63 Wed 3 10 94 212 27 51 44 76 4 36 89 77 7626 3 395562239316750336 2096 170 38 33 
8669203 5520952 Paulo_Coelho 91 true 51 Thu 0 08 45 95265 28 35 30 45 4 23 70 64 23263 3 395894642858016768 45290 90 35 34 
6323400 15439395 Stephen_Fry 51356 true 33 Wed 0 23 50 123 17 28 21 50 4 16 53 44 17632 3 395765874654973953 56696 100 25 23 
1653625 15588657 Deepak_Chopra 2332 true 7 Wed 0 06 11 709 6 8 5 10 0 1 16 12 41796 4 395502198076878848 26459 21 8 7 
8669203 5520952 Paulo_Coelho 91 true 234 Fri 4 08 127 95265 180 96 88 352 1 54 378 340 23263 2 396256866147516416 45290 479 282 252 
441455 54730258 Margaret_E._Atwood 845 true 45 Fri 0 09 37 522 24 32 28 45 4 21 75 69 19253 3 396276998755991552 10777 82 43 41 
10888952 53153263 Tyra_Banks 2360 true 130 Fri 3 13 145 4613 55 119 107 106 1 75 211 190 4198 2 396344215783108608 38318 251 92 83 
32928 86740435 Jennie_Gow 423 false 5 Fri 0 06 0 77 5 0 0 7 0 0 7 7 14393 4 396239909586870272 1204 7 7 7 
10888952 53153263 Tyra_Banks 2360 true 122 Fri 3 20 119 4613 45 95 91 64 1 77 147 140 4198 3 396447247186931712 38318 183 52 49 
8669203 5520952 Paulo_Coelho 91 true 13 Wed 0 07 18 95265 7 13 10 11 0 6 22 19 23263 4 395524523979575297 45290 29 9 9 
32928 86740435 Jennie_Gow 423 false 6 Sat 0 04 2 77 4 2 2 4 0 2 6 6 14393 4 396564876077723648 1204 6 4 4 
32928 86740435 Jennie_Gow 423 false 8 Fri 0 11 0 77 8 0 0 11 0 0 11 10 14393 4 396304841300922368 1204 11 11 10 
1907149 262359713 Heidi_Klum 123 true 5 Thu 0 15 0 15505 5 0 0 8 0 0 8 8 2319 4 396007780135731200 5967 8 8 8 
1653625 15588657 Deepak_Chopra 2332 true 6 Thu 0 14 0 709 6 0 0 6 0 0 6 6 41796 4 395990413728681984 26459 6 6 6 
10888952 53153263 Tyra_Banks 2360 true 59 Sat 0 00 77 4613 21 60 52 35 4 38 89 80 4198 3 396499367651069952 38318 112 29 28 
8669203 5520952 Paulo_Coelho 91 true 347 Fri 1 07 208 95265 277 139 120 641 1 70 625 540 23263 0 396251041865285632 45290 849 486 420 
32928 86740435 Jennie_Gow 423 false 5 Thu 0 03 2 77 4 2 2 6 0 1 7 7 14393 4 395820696560885760 1204 8 5 5 
32928 86740435 Jennie_Gow 423 false 0 Sat 0 03 0 77 0 0 0 0 0 0 0 0 14393 4 396554807348973568 1204 0 0 0 
32928 86740435 Jennie_Gow 423 false 1 Fri 0 00 0 77 1 0 0 3 0 0 2 2 14393 4 396149457722421248 1204 3 2 2 
6323400 15439395 Stephen_Fry 51356 true 58 Wed 0 10 98 123 17 74 64 36 4 41 102 89 17632 3 395574255691124737 56696 134 28 25 
1653625 15588657 Deepak_Chopra 2332 true 60 Thu 3 20 65 709 26 49 45 62 4 34 93 84 41796 3 396087607228002304 26459 127 44 39 
6323400 15439395 Stephen_Fry 51356 true 137 Thu 3 11 174 123 73 118 104 175 1 64 247 220 17632 2 395948434487652352 56696 349 129 116 
6323400 15439395 Stephen_Fry 51356 true 50 Wed 3 12 0 123 50 0 0 146 0 0 97 82 17632 3 395604210345316352 56696 146 97 82 
1653625 15588657 Deepak_Chopra 2332 true 42 Wed 0 21 28 709 25 26 24 39 4 17 57 53 41796 3 395731936485720064 26459 67 31 29 
1653625 15588657 Deepak_Chopra 2332 true 51 Wed 3 06 50 709 36 26 23 77 4 15 78 70 41796 3 395503072207572992 26459 127 52 47 
1016527 158128894 Nina_Garcia 896 true 1 Wed 0 03 0 1134 1 0 0 5 0 0 4 3 12935 4 395471161423065088 5304 5 4 3 
32928 86740435 Jennie_Gow 423 false 3 Thu 0 05 0 77 3 0 0 4 0 0 4 3 14393 4 395861149863784448 1204 4 4 3 
32928 86740435 Jennie_Gow 423 false 1 Wed 0 11 0 77 1 0 0 2 0 0 2 2 14393 4 395584632525033473 1204 2 2 2 
131763 183749519 Paul_Graham 80 true 15 Sat 0 01 53 1647 8 22 15 50 4 7 41 32 821 3 396516008011112448 4697 103 19 17 
1653625 15588657 Deepak_Chopra 2332 true 34 Thu 3 08 47 709 21 20 20 89 4 13 69 50 41796 3 395894387739074560 26459 136 49 30 
1907149 262359713 Heidi_Klum 123 true 90 Thu 3 19 298 15505 31 119 96 133 2 59 180 149 2319 2 396070411685089280 5967 431 61 53 
1653625 15588657 Deepak_Chopra 2332 true 164 Tue 4 21 157 709 103 102 86 305 1 61 295 256 41796 2 395372823415255040 26459 462 193 170 
8669203 5520952 Paulo_Coelho 91 true 511 Wed 1 07 443 95265 348 308 272 1129 2 163 1036 910 23263 1 395525056173850625 45290 1572 728 638 
8669203 5520952 Paulo_Coelho 91 true 121 Wed 3 14 67 95265 89 47 43 158 4 32 163 152 23263 3 395624296082456576 45290 225 116 109 
441455 54730258 Margaret_E._Atwood 845 true 25 Thu 0 21 12 522 21 10 10 56 0 4 55 50 19253 3 396099631056056320 10777 68 45 40 
1653625 15588657 Deepak_Chopra 2332 true 37 Wed 3 23 0 709 37 0 0 89 0 0 64 56 41796 3 395758300383309825 26459 89 64 56 
32928 86740435 Jennie_Gow 423 false 0 Wed 0 03 5 77 0 3 1 5 0 0 6 2 14393 4 395461596899975168 1204 10 3 1 
32968 16916799 Josh_James 271 true 1 Thu 0 04 2 121 1 0 0 6 0 0 3 2 2087 4 395841823824175104 565 8 3 2 
1016527 158128894 Nina_Garcia 896 true 4 Thu 0 14 0 1134 4 0 0 6 0 0 5 5 12935 4 395986443103125504 5304 6 5 5 
1653625 15588657 Deepak_Chopra 2332 true 36 Wed 0 11 32 709 21 23 22 41 4 15 52 46 41796 3 395578428008574976 26459 73 29 24 
647718 373416209 Salman_Rushdie 431 true 147 Thu 4 16 154 1502 98 94 81 251 1 49 260 230 2568 2 396023895297236992 5482 405 166 149 
32928 86740435 Jennie_Gow 423 false 1 Sat 0 03 0 77 1 0 0 1 0 0 1 1 14393 4 396552272806559745 1204 1 1 1 
32928 86740435 Jennie_Gow 423 false 24 Fri 0 11 4 77 22 2 2 26 0 2 26 26 14393 4 396307730106834944 1204 30 24 24 
1653625 15588657 Deepak_Chopra 2332 true 4 Tue 0 16 5 709 4 1 0 7 0 0 5 4 41796 4 395296475611021312 26459 12 4 4 
32928 86740435 Jennie_Gow 423 false 6 Thu 0 11 1 77 6 1 0 9 0 0 9 7 14393 4 395943900528906240 1204 10 8 7 
6323400 15439395 Stephen_Fry 51356 true 30 Wed 0 12 28 123 16 20 19 27 4 14 44 41 17632 4 395594463080628224 56696 55 24 22 
8669203 5520952 Paulo_Coelho 91 true 23 Tue 0 18 24 95265 13 13 12 26 4 10 32 31 23263 4 395328281337024512 45290 50 19 19 
6323400 15439395 Stephen_Fry 51356 true 43 Wed 0 21 67 123 14 35 34 45 4 29 60 56 17632 3 395738026455728128 56696 112 25 22 
1907149 262359713 Heidi_Klum 123 true 4 Thu 0 17 0 15505 4 0 0 7 0 0 6 4 2319 4 396038967105454080 5967 7 6 4 
32928 86740435 Jennie_Gow 423 false 12 Thu 0 03 2 77 11 2 2 23 0 1 19 18 14393 4 395822722946568192 1204 25 17 16 
1653625 15588657 Deepak_Chopra 2332 true 11 Tue 0 19 17 709 5 12 9 11 0 6 22 18 41796 4 395346420716146688 26459 28 10 9 
32928 86740435 Jennie_Gow 423 false 6 Thu 0 15 5 77 4 3 3 6 0 2 7 7 14393 4 396011843841306624 1204 11 4 4 
1907149 262359713 Heidi_Klum 123 true 8 Thu 0 16 0 15505 8 0 0 22 0 0 18 16 2319 4 396020177382686720 5967 22 18 16 
8669203 5520952 Paulo_Coelho 91 true 67 Thu 3 09 110 95265 33 79 64 126 1 34 156 127 23263 3 395912815749660672 45290 236 77 63 
8669203 5520952 Paulo_Coelho 91 true 1080 Thu 2 20 942 95265 775 584 501 2219 3 305 1992 1725 23263 1 396089360556515328 45290 3161 1408 1224 
122198 14372143 Jason_Fried 98 true 9 Wed 0 13 5 1246 8 2 2 14 0 1 13 12 14768 4 395612454819876865 7809 19 11 10 
8669203 5520952 Paulo_Coelho 91 true 855 Thu 2 18 604 95265 654 320 293 1758 2 201 1378 1249 23263 1 396047327053369344 45290 2362 1058 956 
10888952 53153263 Tyra_Banks 2360 true 9 Thu 0 16 0 4613 9 0 0 31 0 0 17 10 4198 4 396023836829044736 38318 31 17 10 
362647 13348 Robert_Scoble 40082 true 7 Thu 0 16 0 9 7 0 0 15 0 0 13 13 64978 4 396027962023501824 23220 15 13 13 
1653625 15588657 Deepak_Chopra 2332 true 39 Wed 3 11 48 709 21 29 28 61 4 18 70 64 41796 3 395582610463678464 26459 109 41 36 
441455 54730258 Margaret_E._Atwood 845 true 2 Wed 0 23 0 522 2 0 0 2 0 0 2 2 19253 4 395766416881618944 10777 2 2 2 
32928 86740435 Jennie_Gow 423 false 78 Wed 3 10 0 77 78 0 0 192 0 0 144 130 14393 3 395575399285276672 1204 192 144 130 
10888952 53153263 Tyra_Banks 2360 true 147 Fri 3 16 258 4613 39 186 164 97 1 108 252 225 4198 2 396390059722547201 38318 355 66 61 
1653625 15588657 Deepak_Chopra 2332 true 29 Thu 3 22 49 709 20 28 24 75 4 9 72 61 41796 3 396109349728174080 26459 124 44 37 
299821 1000591 Fred_Wilson 823 true 25 Thu 0 09 31 364 11 24 25 25 4 14 42 40 9854 4 395922390636449792 9675 56 18 15 
1653625 15588657 Deepak_Chopra 2332 true 44 Fri 3 12 63 709 27 23 23 86 4 17 52 50 41796 3 396320756096716800 26459 149 29 27 
32928 86740435 Jennie_Gow 423 false 12 Thu 0 05 1 77 11 1 1 13 0 1 14 14 14393 4 395861092468940800 1204 14 13 13 
32928 86740435 Jennie_Gow 423 false 5 Sat 0 01 0 77 5 0 0 9 0 0 8 8 14393 4 396519219900076032 1204 9 8 8 
1907149 262359713 Heidi_Klum 123 true 31 Fri 0 01 133 15505 6 61 49 35 1 25 77 61 2319 3 396161974591320064 5967 168 16 12 
8669203 5520952 Paulo_Coelho 91 true 41 Wed 0 08 45 95265 25 32 27 40 4 16 63 57 23263 3 395545966981283840 45290 85 31 30 
1653625 15588657 Deepak_Chopra 2332 true 286 Fri 4 21 218 709 190 159 143 403 1 96 450 403 41796 2 396453611372175360 26459 621 291 260 
32928 86740435 Jennie_Gow 423 false 0 Sat 0 01 0 77 0 0 0 1 0 0 1 1 14393 4 396513649444933632 1204 1 1 1 
134546 22622572 Natalie_Pinkham 633 true 90 Fri 3 17 70 212 53 60 51 119 4 37 155 127 7626 3 396394256145076224 2096 189 95 76 
10888952 53153263 Tyra_Banks 2360 true 86 Fri 3 20 88 4613 33 74 69 51 4 53 117 109 4198 3 396444172212654081 38318 139 43 40 
1907149 262359713 Heidi_Klum 123 true 3 Thu 0 15 0 15505 3 0 0 6 0 0 5 3 2319 4 396011516467896320 5967 6 5 3 
8669203 5520952 Paulo_Coelho 91 true 50 Fri 3 16 66 95265 25 43 39 83 4 25 88 76 23263 3 396379171079077889 45290 149 45 37 
32968 16916799 Josh_James 271 true 0 Tue 0 17 0 121 0 0 0 0 0 0 0 0 2087 4 395313245193785345 565 0 0 0 
8669203 5520952 Paulo_Coelho 91 true 266 Thu 4 20 215 95265 175 149 128 386 1 91 424 377 23263 2 396084458476281856 45290 601 275 249 
1653625 15588657 Deepak_Chopra 2332 true 19 Wed 0 13 21 709 5 19 19 21 4 14 38 35 41796 4 395620858602868736 26459 42 19 16 
441455 54730258 Margaret_E._Atwood 845 true 3 Fri 0 07 0 522 3 0 0 3 0 0 3 3 19253 4 396251197473976321 10777 3 3 3 
1907149 262359713 Heidi_Klum 123 true 14 Thu 0 15 0 15505 14 0 0 22 0 0 19 16 2319 4 396013829072887808 5967 22 19 16 
1016527 158128894 Nina_Garcia 896 true 2 Tue 0 21 0 1134 2 0 0 4 0 0 2 2 12935 4 395369931187167233 5304 4 2 2 
8669203 5520952 Paulo_Coelho 91 true 86 Thu 3 09 123 95265 53 64 55 139 1 33 149 132 23263 2 395913307145519104 45290 262 85 77 
1907149 262359713 Heidi_Klum 123 true 89 Thu 3 17 197 15505 25 109 90 74 1 64 149 125 2319 2 396044407495213056 5967 271 40 35 
2458743 12 Jack_Dorsey 1001 true 291 Wed 4 10 253 2456 151 214 208 260 1 140 437 422 14140 2 395571485315563521 21863 513 223 214 
32928 86740435 Jennie_Gow 423 false 2 Thu 0 00 0 77 2 0 0 2 0 0 2 2 14393 4 395777387641577472 1204 2 2 2 
1653625 15588657 Deepak_Chopra 2332 true 84 Wed 3 11 74 709 49 49 44 93 4 35 124 111 41796 3 395587977985802241 26459 167 75 67 
